                                                                                                                                                       \
                                                                                                                                                       \
                                                                                                                                                       \
                                                                                                                                                       \
                                                                                                                                                       \
                008800000800      680888880800      800008            0088088880800      800    680085   3               00 308000                     \
                000088008008      600000000800      808808              086      80       8   085    00                00008    000                    \
                080000800088      608008008008      800008              00        0          708     608                888      083                   \
                080800800800            800080      800800              08                   880     700                380      083                   \
                080080080008            800800      800808              00                    08     083                300      003                   \
                080080080080            800800      800008              08      68     8008   06886080      50068808    300      002                   \
                080008008008            008000      000000              0000000000    0 303 60             00      806  880      086                   \
                080800800808            800088008800                    00       8      00  000           080000000080  0805    2800                   \
                080080080000            800800800008                    08             08    50880000080 200                                           \
                080080080080            008000800808                    00             06    00       200608                                           \
                080008008008            080080080000                    803        0  08  0 00         00 886                                          \
                080800800800            800800080088                    000       00 00 58  886       08   008     80                                  \
                080080080080            808088808800                  00000000000083 600     880080000      58008006                                   \
                080080080080      000000                                                                                                               \
                080008008008      088080                               0808                        0800     0088                                       \
                080800800800      000080                                006                         805      00                                        \
                080080080080      008000                                08                           88     08                                         \
                080080080080      008008                                08                           800   38                                          \
                080008008000      000880                                08              0880          805  8     00088        0  2806                  \
                080800800800      080000                                08            88   008         80 03  08     088   0080 8  88                  \
                080080080088000008008008000000000008                    80                  006         008  08       080    888                       \
                080080080000880800800800880880880800                    08                  600         08  5080000000000    00                        \
                080008008800000800800800000000000800                    08                08080         0   080              00                        \
                080800800088008008008008008008008008                    00         0  580   600        0    600              08                        \
                080080080000800080080080080080080080                    802       60 600    880       0      808       02    00                        \
                080080880800800800800880080080080080                   0800     8000  000200 080  0008        008000880     2808                       \
                                                                                        62         6             3003                                  \
                                                                                                                                                       \
                                                                                                                                                       \
                                                                                                                                                       \
                                                                                                                                                       \
